ID,no_financial_services,other_only,mm_only,mm_plus
2352,0.005327829855572437,0.046856028993338475,0.17693450752747136,0.7708816336236177
8208,0.018390709219194855,0.8320045608764586,0.022093901160340025,0.1275108287440066
2785,0.008367626523176366,0.16348800286623116,0.030922789132581396,0.7972215814780109
2967,0.00804076003133871,0.014817874221850753,0.13864007707623227,0.8385012886705785
1697,0.0888164052500746,0.4679436837565364,0.08717225805817827,0.3560676529352107
4794,0.0205794974147461,0.06405713045190035,0.06820220277164601,0.8471611693617075
2675,0.06839050592954028,0.38697769738268434,0.10803153852631867,0.43660025816145664
2989,0.0027083793374620842,0.03224189031174377,0.08901575614171282,0.8760339742090814
1634,0.010756199452694203,0.15948070108768037,0.03429256189528003,0.7954705375643452
4147,0.01051493646602753,0.14899133272685391,0.07902794318158476,0.7614657876255339
8003,0.004545193692148751,0.04323282576327518,0.12383015154275365,0.8283918290018224
1058,0.004879086335546167,0.05033481933495532,0.08283224124299346,0.8619538530865052
8172,0.05939772468154345,0.4394919920536555,0.12557579015385298,0.3755344931109483
2640,0.08859758796872504,0.3938741755572206,0.17936247017471443,0.3381657662993397
1233,0.028235407494284492,0.4106790162126335,0.13472701261887524,0.42635856367420677
8632,0.035904458947066696,0.08266231413162352,0.4487544743895759,0.43267875253173393
4548,0.0046956719197615475,0.05004514581566186,0.029799673601348935,0.9154595086632278
1032,0.005143393225597994,0.028826133751680583,0.07430355372212526,0.8917269193005963
270,0.03423762109157367,0.7812725023684478,0.03918365038385542,0.1453062261561233
5516,0.02015885143173006,0.3689495998381799,0.10956087115655305,0.5013306775735371
1289,0.020238873864968074,0.3008789895244188,0.19463411645070128,0.48424802015991186
376,0.03316244617602135,0.7493731440563703,0.05460505933870378,0.16285935042890445
5856,0.024074687251652665,0.6679955365679564,0.03921011578872045,0.26871966039167033
2588,0.020513188675195308,0.1608223870542794,0.16236288326883108,0.6563015410016942
1348,0.02414551111890462,0.2789769179366808,0.1827369332615241,0.5141406376828905
8391,0.10676581127762054,0.3788472520405517,0.2100401285287361,0.3043468081530918
2616,0.028469929194621713,0.21422104663302133,0.3960187834215306,0.3612902407508261
5154,0.010604865028497319,0.02503680331281859,0.18950644779416628,0.7748518838645176
869,0.0052682288365456745,0.0518631840980812,0.11887141062097688,0.8239971764443964
6625,0.03394250161762999,0.13616218877146571,0.23598581441046573,0.5939094952004388
1423,0.018802625780832416,0.1152717846083143,0.24807991143724023,0.6178456781736131
2276,0.02321459918565015,0.23875130779396997,0.14402139419086896,0.5940126988295111
4252,0.04891173879632324,0.40249473309103606,0.11510135318566364,0.433492174926977
1311,0.0064195791169504015,0.015443260187680894,0.17519127815190647,0.8029458825434624
1534,0.009962497369673183,0.11176673399361522,0.04196508875751732,0.8363056798791941
4059,0.01374732590295009,0.8771622212740662,0.019930205124058888,0.08916024769892486
970,0.029395907199530714,0.5207854895374496,0.07676536114472726,0.3730532421182923
1712,0.004790576501517776,0.02082523073563141,0.20644183715117234,0.7679423556116783
588,0.038817861394357285,0.3693517557062798,0.0933284897641712,0.4985018931351915
252,0.05011760286619941,0.5051627535533688,0.0919985260432791,0.35272111753715285
2204,0.05572238175666288,0.3337979272802839,0.14443662854009282,0.46604306242296023
6038,0.010371141618350036,0.014976377817697091,0.06620652361004957,0.9084459569539035
64,0.05140766436673179,0.5149101173779751,0.0943652684272419,0.33931694982805133
1873,0.00638859415730378,0.023052297273512743,0.15654759616506986,0.8140115124041137
1627,0.040418164210867184,0.4284086002805879,0.08919706413118476,0.4419761713773604
1052,0.04586051055586995,0.4835955223009114,0.08675900725446224,0.38378495988875644
1391,0.009915241976255363,0.028605252015358906,0.21656149459473656,0.7449180114136491
4800,0.013166447951488426,0.028257563379220075,0.27963316255906223,0.678942826110229
3958,0.08872660548253233,0.3613259436102196,0.21053789013916024,0.33940956076808776
4351,0.055585850637121306,0.44574437073471823,0.08353066536306375,0.4151391132650968
241,0.02010637471392574,0.17296287014690026,0.17299544165451272,0.6339353134846613
6626,0.05521045745160063,0.35410593266986307,0.10154979924454154,0.4891338106339949
1948,0.07464313375975885,0.3545412411604167,0.14312193148808053,0.42769369359174403
6748,0.1263521151930706,0.38850290471430593,0.19775008782099443,0.28739489227162895
14,0.011670881291194167,0.10635438681457865,0.054421150100627855,0.8275535817935994
1709,0.006739082149356435,0.04480132345488212,0.1425784901724672,0.8058811042232941
6893,0.010357794611877913,0.055134665516438544,0.3759476985803071,0.5585598412913764
6183,0.008200992387368178,0.022394780102138787,0.042076224431360165,0.9273280030791328
4650,0.004224379779536872,0.034446824335051064,0.09774471644226207,0.8635840794431499
4039,0.004286619668731926,0.03912049692626121,0.14909561059136253,0.8074972728136444
566,0.003202707086301626,0.04655197737797897,0.0799663703509264,0.8702789451847929
5108,0.005446995147889484,0.014301631684614848,0.10123719478673217,0.8790141783807635
378,0.0045736217671960185,0.03456804048445989,0.20427411921641656,0.7565842185319275
2374,0.012270791397781733,0.11377011835082085,0.11481791854987627,0.7591411717015211
5703,0.028531335255460987,0.09298831503793946,0.3057814969489842,0.5726988527576155
365,0.015987158768200553,0.3440345811584234,0.08113763170928158,0.5588406283640942
3048,0.011492486706224825,0.16262655225767372,0.20964791362960333,0.616233047406498
363,0.019042746753287574,0.01931379507673814,0.17330460752332685,0.7883388506466473
6190,0.11247465586291862,0.281261064331362,0.22127112500689364,0.38499315479882595
4505,0.03712177698515037,0.4820668691454427,0.05942365769793191,0.4213876961714749
1513,0.05856059152189959,0.08788304639382277,0.24987523820366492,0.6036811238806128
3475,0.046660492469669114,0.29895157477628503,0.24147370182564068,0.4129142309284052
768,0.03726381056553111,0.743290680220381,0.0572096233521864,0.1622358858619015
4673,0.01578310352561239,0.27354298140327754,0.0909960494022097,0.6196778656689004
2924,0.04214902066597744,0.3394493227401653,0.08698828993805438,0.5314133666558031
5199,0.03103156862319393,0.39941864154403706,0.10772420506774888,0.46182558476502017
6079,0.005558079811903954,0.03654905150769972,0.1776825258412479,0.7802103428391485
39,0.008375691952380433,0.021193316944508458,0.22104214229628044,0.7493888488068307
3518,0.04171061611658753,0.25479263613093184,0.3326990104562417,0.370797737296239
1576,0.01948801313465526,0.056077600272752604,0.09775400501997675,0.8266803815726156
835,0.06920089505207676,0.30621009134215654,0.049576414201645255,0.5750125994041216
1356,0.014959510223198006,0.28369187898687487,0.07679237839246296,0.624556232397464
1355,0.03433773034912953,0.7028368077416767,0.08747562305339285,0.17534983885580085
7353,0.04352616299104442,0.42852716855395573,0.1177917722291918,0.410154896225808
1894,0.06835815468315304,0.350405261071902,0.10970345678740448,0.47153312745754056
5722,0.023292780781932698,0.1501781396826572,0.175217530832833,0.6513115487025772
6712,0.0033981214523345336,0.05704130555402655,0.13325217807693665,0.8063083949167023
9172,0.04867213172606629,0.45046746620668965,0.10180373006114277,0.3990566720061014
258,0.04231505921652659,0.3914513477769394,0.12501770360389458,0.44121588940263967
1023,0.051949568694128354,0.11858623730082188,0.22350870858536787,0.6059554854196818
674,0.0024779754641164617,0.03412314575291509,0.05339075839074303,0.9100081203922256
2230,0.005305676768540007,0.04987415789573461,0.12074508413463758,0.8240750812010877
5386,0.05355565476665774,0.43592536575444957,0.10776258742172319,0.40275639205716934
9017,0.019019659764274055,0.08855843425929896,0.10128880476997679,0.7911331012064503
2819,0.02315411997576111,0.8084931898260758,0.03305549062821024,0.1352971995699525
8998,0.03063893076959463,0.3680914703115613,0.0812600809394301,0.5200095179794141
5181,0.005379863653696912,0.06198526595371338,0.09207976264466845,0.8405551077479213
2131,0.017547230867967438,0.12285460336911622,0.15471912840714924,0.7048790373557672
1087,0.04418361552021145,0.4077969824561826,0.0907470808822107,0.4572723211413953
4144,0.051933327973745835,0.3885036062237098,0.09277235220574362,0.46679071359680063
7239,0.006734578184549106,0.06393964169364268,0.12033426085002992,0.8089915192717781
6119,0.050284163981201245,0.40084396483741475,0.08770081205186137,0.46117105912952283
3839,0.08738298213242056,0.4244909321763377,0.12373392768546447,0.3643921580057773
4847,0.027538363328055863,0.31158612204216446,0.1563139907597357,0.5045615238700439
553,0.11235494138206066,0.34704037057318604,0.12590389593863618,0.4147007921061169
6917,0.010772004584275786,0.02715831530876358,0.25922291895412564,0.702846761152835
8430,0.014718634400065328,0.23710439192413482,0.07789405961239573,0.6702829140634041
6201,0.012775841968103625,0.17874038821892754,0.09440815674296965,0.7140756130699992
4062,0.003426178114752366,0.0366245775325808,0.08126442168455493,0.8786848226681121
5123,0.004535283358484083,0.045344216064006196,0.09578089818018087,0.8543396023973288
5442,0.13546723148109455,0.43592036562445713,0.08582951221105271,0.3427828906833955
610,0.04587726534920197,0.22483362200564563,0.2481094528651614,0.48117965977999105
1631,0.018676103127454092,0.026461516027372078,0.5452220862093266,0.40964029463584695
2177,0.016435612926114482,0.12305542429048844,0.2966525749266078,0.5638563878567895
7282,0.01746790964299734,0.12681968753887274,0.15401972968812036,0.7016926731300096
5140,0.011446948283535588,0.10168898729037189,0.09907267114115034,0.7877913932849421
2980,0.004538159901001145,0.05032323758590227,0.07868684572021444,0.8664517567928821
391,0.00812225837921193,0.03477993722224973,0.22982143638801375,0.7272763680105245
5579,0.10565957158455695,0.32477146611075713,0.07334232250341724,0.49622663980126874
3740,0.029716469842104853,0.11349020770549702,0.22469632524224595,0.6320969972101522
5447,0.03967191724740544,0.3922293773172685,0.10930888492408954,0.4587898205112363
6998,0.14864427478413403,0.28576456273136547,0.11489460175798953,0.4506965607265111
3778,0.005266808410236643,0.04216828959085859,0.3143060666653657,0.6382588353335389
3366,0.06365087452473477,0.3237370499450521,0.145169691571518,0.46744238395869525
3445,0.05680255682404175,0.31309557558475737,0.21880606926213197,0.4112957983290687
1366,0.008827158394134244,0.054092733521958314,0.22640628905587792,0.7106738190280296
3312,0.017941598797425625,0.17268949601657926,0.32776649085908016,0.4816024143269149
2962,0.013027309548599144,0.11580400066107813,0.21164666303112623,0.6595220267591966
4659,0.04361774306669621,0.2034395895557111,0.27933769438587863,0.473604972991714
6506,0.25622550750434164,0.2693236942609617,0.18561679486850668,0.28883400336619014
4456,0.03934533283613843,0.13081419111261122,0.19043404831907845,0.6394064277321718
5735,0.02670274350227327,0.14866884621632226,0.1878711016043547,0.6367573086770498
1622,0.09977621134583416,0.348569816034152,0.09836869933281035,0.4532852732872034
537,0.057752777879953976,0.38396773898914627,0.10675011557788511,0.4515293675530146
1493,0.09468591769600318,0.33970995178348745,0.08360247868897605,0.4820016518315331
47,0.026424013043978754,0.16867658024801327,0.3314339517925149,0.47346545491549324
2517,0.17728450096812684,0.23940717299128936,0.3528067992427736,0.23050152679781027
5544,0.018025757228032145,0.30492914614456945,0.08668548797886255,0.590359608648536
9196,0.01966248111101203,0.09020944011685433,0.2549128998262625,0.6352151789458713
86,0.006423135357218968,0.047139344741741425,0.10120228818330668,0.8452352317177326
8598,0.005007966345721401,0.059279817748080464,0.14167325462775537,0.794038961278443
4970,0.07006586431876924,0.3288243530897561,0.10858542462953344,0.49252435796194133
4291,0.005200456393432941,0.02291640719273167,0.2052055807802766,0.7666775556335588
3503,0.008285910545849852,0.06824251085021443,0.2239089676606039,0.6995626109433319
5084,0.04908836290218037,0.3163560179150377,0.12028162717473062,0.514273992008051
5453,0.02774835550561936,0.31408984311338933,0.2641940121151558,0.3939677892658356
1912,0.006367384876140026,0.043542058630216804,0.14338757176308412,0.8067029847305591
8833,0.03389575543313471,0.4802392423022002,0.12342516832739636,0.3624398339372684
8564,0.042150787734295515,0.40392654149447077,0.08246638261917705,0.47145628815205665
7635,0.035475453575162276,0.5176569433508229,0.08214518652778056,0.36472241654623405
1573,0.0055212745437396476,0.06160653646502357,0.13939017456008246,0.7934820144311545
8148,0.05412286615392178,0.139286498558526,0.16095960168729564,0.6456310336002565
7511,0.011440735976261412,0.02894668725910494,0.20947570101560006,0.7501368757490335
5477,0.0474975750133762,0.43556246887181466,0.09849582475312584,0.4184441313616834
5070,0.04418361552021145,0.4077969824561826,0.0907470808822107,0.4572723211413953
4710,0.04477562060658473,0.43131623537093083,0.097535603658211,0.42637254036427363
1990,0.008906317712997984,0.2385418257667361,0.11264588879909893,0.6399059677211669
9124,0.00841133979890482,0.08423715045996051,0.16267841395009117,0.7446730957910436
3574,0.03920239218003957,0.46584710339403285,0.07328930401906242,0.4216612004068649
7919,0.006010969346768063,0.020626161394028085,0.08823340795471626,0.8851294613044877
7298,0.08114060565510464,0.34550056952018426,0.25964700871431245,0.31371181611039844
7328,0.058449951108800316,0.4000526166252033,0.09884762947016057,0.4426498027958358
5360,0.04468543411494972,0.49742143857668386,0.09177774738762785,0.36611537992073867
2899,0.010897334920479469,0.10023881306517031,0.09447602217449319,0.794387829839857
2323,0.042435672966782176,0.34300003863261436,0.08310708867518651,0.5314571997254167
4299,0.04459975464781001,0.35360791048092705,0.08847203691380837,0.5133202979574547
7124,0.04407652305215987,0.37128017141786723,0.07906089558585216,0.5055824099441208
4244,0.09468963202821375,0.3970093072488321,0.09309834634770049,0.4152027143752537
458,0.012350366159006079,0.16442699473708075,0.18782363926649437,0.635398999837419
4406,0.02878287996082163,0.7898241077054691,0.05026247096656926,0.13113054136713995
8066,0.0327938088961517,0.7292805388263289,0.07138175162454972,0.16654390065296976
7823,0.015648399674987643,0.02390074859064379,0.2697234270651916,0.6907274246691772
6502,0.05214434293990379,0.3728286963859962,0.11310802179534711,0.46191893887875285
6295,0.07741959230612414,0.3464700092897889,0.12499999819576972,0.45111040020831733
2612,0.14587552498675596,0.326043642833025,0.11902259605303217,0.4090582361271866
3540,0.11691229493776709,0.318352936678054,0.1260242549001141,0.43871051348406465
3569,0.009534349047293993,0.026439100247053617,0.8159868883440853,0.14803966236156713
5467,0.16307660283394684,0.2937989919886091,0.2977862200077104,0.24533818516973369
2100,0.006965065045603468,0.017962446536257497,0.1550718510004366,0.8200006374177023
2806,0.0237644530809821,0.060856449486361805,0.29309375795550574,0.6222853394771504
126,0.022642107798078587,0.14717805978686865,0.15789611800762587,0.672283714407427
5114,0.016252770311048242,0.32564193325520435,0.08524489228046522,0.5728604041532822
465,0.008620978565542744,0.03729356474876658,0.24227390995108192,0.7118115467346086
7488,0.0691432266991754,0.33301717485258503,0.11681431667971855,0.4810252817685213
813,0.013488610150885396,0.15019512719748948,0.41523436779861617,0.4210818948530091
6827,0.037434842493493374,0.16078702932794822,0.46858503997615114,0.3331930882024072
122,0.09350462800971865,0.4171822009707023,0.06141814354959188,0.42789502746998725
1225,0.047351327584583075,0.4061444107188682,0.09468432163898564,0.4518199400575631
1402,0.02233948492774801,0.1480378104176373,0.18871086918579788,0.6409118354688167
78,0.015993343108860542,0.13359748054868184,0.19476118015110178,0.6556479961913558
1522,0.03999436780558246,0.4673746197890176,0.08763642862531314,0.4049945837800866
7196,0.060253760804059094,0.4763048726995818,0.08807302815131864,0.3753683383450403
2518,0.025808031361626724,0.7819504187648354,0.05033282977391121,0.14190872009962668
7092,0.0167071772455732,0.12174859834486468,0.1629546513605517,0.6985895730490105
2530,0.051474125695173685,0.40691771554960376,0.11539075302283759,0.42621740573238504
6166,0.09286485770424127,0.4176413249491557,0.111163111201021,0.3783307061455821
585,0.0891341849852044,0.3003203497985874,0.11903595949477838,0.4915095057214298
8610,0.05715622939182706,0.37679944074541155,0.12254787746175565,0.4434964524010056
174,0.0401104437919402,0.36351958242464855,0.09466563927979833,0.501704334503613
7615,0.050896469545254945,0.7215626537501574,0.09200820683336522,0.13553266987122226
79,0.05151655489236674,0.30447824363683185,0.12545328871256636,0.518551912758235
6906,0.022582315083941536,0.0997571765681325,0.23024212421095655,0.6474183841369694
2001,0.0077971408863756605,0.030226414080157627,0.4901668663947954,0.47180957863867123
7087,0.015865229988360284,0.08883033266406179,0.38567173587214054,0.5096327014754375
8958,0.07400363861787569,0.33938611236801214,0.150458699232631,0.43615154978148135
6110,0.02282486860792344,0.08098424944134612,0.4187661031691488,0.47742477878158174
2803,0.015349972857466756,0.13122515681157684,0.35497516850114175,0.4984497018298147
239,0.07407231372966312,0.7070413504057125,0.08564621455109228,0.13324012131353194
8880,0.11877031843886084,0.2239347296185398,0.24438197554547725,0.4129129763971221
4462,0.03969100934811352,0.6710194061094317,0.0731600772659438,0.21612950727651078
3030,0.031205234679958265,0.10190364521580064,0.23906015516722187,0.6278309649370192
8895,0.12985855419482417,0.34441405329565955,0.18182394477598096,0.3439034477335353
2705,0.13711206623903197,0.26959007292338727,0.39656886412958964,0.19672899670799127
1892,0.09788983916350437,0.7252576668542311,0.06004486719831451,0.11680762678394993
8894,0.02877184601326102,0.054115622841758075,0.5988401988288178,0.31827233231616303
9415,0.11183206971245657,0.28865066972924186,0.16846732291030295,0.43104993764799837
7218,0.039069860319111714,0.40521659010068495,0.08768512102910023,0.4680284285511031
1193,0.07038044749818469,0.3623416594548115,0.1282992468851977,0.4389786461618062
25,0.04164489580302628,0.43108598579138513,0.07825684909360603,0.44901226931198257
3038,0.007378884901575636,0.07236264385591896,0.19134719921965712,0.7289112720228482
6365,0.019341592230237722,0.3479141896461314,0.13268545141084395,0.500058766712787
1730,0.048857043373455644,0.4349636641553446,0.08508946576059084,0.4310898267106088
7550,0.017347666275877544,0.17277305318363811,0.17213577998741686,0.6377435005530676
5787,0.10550627934815386,0.3573582104263613,0.11729332065670818,0.41984218956877667
7460,0.019669577861377324,0.452713710957861,0.09498967669045584,0.43262703449030576
6776,0.07410111988964417,0.48491060436373207,0.13367565964938577,0.307312616097238
6813,0.11368440350024453,0.33574937101598906,0.11720389488133519,0.43336233060243146
7490,0.06164137166442087,0.424746233882756,0.11220627841989715,0.401406116032926
6442,0.008868619422627361,0.023708500876437198,0.11916972263121572,0.8482531570697198
791,0.01851774330415234,0.3196808385510044,0.07515899579175288,0.5866424223530905
8324,0.01952126412575034,0.13361930089101293,0.27579084656504776,0.5710685884181892
5474,0.01301556608054241,0.1484989466430685,0.08477533487220935,0.7537101524041796
3735,0.06176903418543825,0.26759568659493066,0.12563365822744507,0.545001620992186
9256,0.010264300267133607,0.12149790155795318,0.1144290729878433,0.7538087251870698
9250,0.004810537219802639,0.04509388411224752,0.10909420307862595,0.8410013755893239
2651,0.02980597784335108,0.09853682067749965,0.26103492584194854,0.6106222756372008
351,0.046867553189339835,0.14304869194035028,0.15408664483149143,0.6559971100388184
8997,0.015593634101106103,0.03465525402301641,0.3773574743181544,0.5723936375577233
3443,0.04124841013661428,0.13723175787518632,0.11232592522585486,0.7091939067623444
8141,0.004313551030683882,0.053433049946287635,0.08441342232891322,0.8578399766941152
2220,0.045921308506447336,0.41355836021670556,0.07844743526848665,0.46207289600836077
6467,0.019787994183348718,0.3196441477361217,0.14753040529991093,0.5130374527806185
1143,0.003660145331212289,0.05131721465277919,0.05571166000022957,0.8893109800157791
6971,0.05794436291497368,0.3146177719911343,0.09504858957391625,0.532389275519976
5461,0.007283294577530021,0.09728658360026865,0.08186392681501808,0.8135661950071834
7577,0.02481336578550115,0.6537607100364734,0.06853275803838674,0.2528931661396389
6727,0.06030716669569557,0.24632367774149438,0.10108307950182228,0.5922860760609878
4339,0.007770581676173946,0.17053423236859416,0.03948383507877801,0.7822113508764541
8271,0.002371452377222005,0.027734305518688284,0.04982383776356312,0.9200704043405264
8270,0.017417376084679238,0.3352739713364071,0.1905322252143249,0.4567764273645889
2411,0.0042414737430902134,0.05897375652253832,0.19846684763715905,0.7383179220972123
611,0.016229823689026552,0.23676975988584562,0.20584448118459933,0.5411559352405283
2400,0.020436912245914676,0.47230048924556983,0.11594105486056305,0.3913215436479525
3719,0.041056275675633,0.4083087651907447,0.06944627943095384,0.48118867970266854
1206,0.018234039179793316,0.3871964555158947,0.09292891979607193,0.5016405855082398
4400,0.014872003830644407,0.15787135442204558,0.26828551761654895,0.5589711241307611
7234,0.012283717312707549,0.20062599720128022,0.06933198031707526,0.7177583051689371
6770,0.09885110061689693,0.6179336058058009,0.143099100880754,0.14011619269654826
5885,0.03634636168545705,0.5435118057248585,0.10687822281013679,0.31326360977954787
5464,0.020503744180399696,0.17171345424454412,0.14261290430454057,0.6651698972705156
9236,0.005523688304776983,0.06529200453195876,0.10204508554791601,0.827139221615348
5760,0.038219689099844134,0.11437987376692475,0.12965699913940512,0.7177434379938259
3090,0.05225246507073444,0.46991166447700267,0.10972728769915566,0.36810858275310704
1728,0.018936297627760067,0.1534017013536646,0.2251842170759979,0.6024777839425773
182,0.00678756965305924,0.014078643147236702,0.11660087805540774,0.8625329091442964
654,0.05018446625938752,0.40985973967469674,0.10281954881499474,0.43713624525092093
7595,0.11613147624970302,0.29716248544352636,0.10511735737707306,0.48158868092969775
3610,0.04401996340647887,0.06577873395093205,0.2803965332040517,0.6098047694385372
3833,0.040148670696343085,0.3646268367203081,0.06195724507708106,0.5332672475062676
3570,0.015355734232287647,0.12124753328240918,0.13314230677138192,0.7302544257139212
1704,0.09032163060412686,0.36794161173156903,0.0881640040233651,0.45357275364093874
3317,0.03316236205544446,0.27233077009512463,0.04136385569345652,0.6531430121559743
7417,0.013280602123145364,0.10614644659804863,0.15195838567788097,0.7286145656009252
4307,0.027248566522272588,0.35462379441664593,0.22084736161704474,0.39728027744403677
3857,0.0910369648418781,0.3238453789808056,0.22216254917849834,0.36295510699881783
3856,0.25577555858220247,0.23607495193990563,0.12080613876507355,0.38734335071281867
7446,0.02290393174983727,0.13476985334351663,0.33331200155817525,0.509014213348471
1612,0.055420939049097166,0.3547297508318018,0.085525339781166,0.504323970337935
5861,0.03126369398170636,0.07172295279722027,0.4599517108343919,0.4370616423866813
9341,0.045148154627609044,0.4881226597050558,0.05906735128462911,0.4076618343827061
5502,0.01456990199392875,0.11977864826479437,0.21835725797972283,0.6472941917615542
8389,0.044750738382314116,0.4029377405791468,0.06046600712037708,0.491845513918162
3086,0.01708739888226309,0.138468043752066,0.1626106583905832,0.6818338989750877
9269,0.005173814859236606,0.04385054247199058,0.14602488866961127,0.8049507539991617
1607,0.028588201481570867,0.15570539965161748,0.13709430607753084,0.6786120927892806
6806,0.06500682448446202,0.4411468032397902,0.10658452195471832,0.38726185032102944
456,0.006878216929762974,0.048539710198593815,0.21687896010178842,0.7277031127698548
546,0.050951266938677735,0.47667583940533576,0.07273640997500286,0.3996364836809837
6962,0.03668808409329989,0.22187987665821016,0.06018101626821501,0.681251022980275
342,0.05816634131867071,0.4064412648887096,0.11034448287321191,0.42504791091940786
883,0.040845551171974394,0.23864407324356754,0.07862270599467744,0.6418876695897804
8918,0.006587057798546124,0.07867311827716233,0.33106373055569177,0.5836760933685998
1659,0.06510955200085182,0.2835124528170219,0.17816045135946457,0.47321754382266185
704,0.07473154007285589,0.44723545726188535,0.11379726654578971,0.3642357361194691
769,0.007390116424736348,0.03447339865604202,0.40037346145139513,0.5577630234678266
2682,0.09957060002421558,0.17538248117957625,0.1534314034693199,0.5716155153268884
7969,0.09001450701380628,0.3314394325221206,0.21966738869169514,0.35887867177237814
8886,0.03602135824625632,0.5310861495092911,0.06299386996415418,0.36989862228029813
5759,0.0326669154202136,0.5475799778838686,0.11498457639183181,0.30476853030408607
7479,0.021963872723763884,0.1876540372018519,0.1703623841195659,0.6200197059548183
1340,0.013585261879896282,0.13146184568530164,0.10186199520892218,0.7530908972258799
8558,0.01579450712108598,0.13565580086114762,0.13336033550887658,0.7151893565088897
7177,0.023248287197853382,0.10222081424041508,0.35127784861965544,0.523253049942076
8276,0.24039227267055074,0.16532993313479777,0.15927985177902743,0.43499794241562395
6460,0.025861993607652976,0.1909303584040669,0.16810964727409658,0.6150980007141836
3250,0.014987311192340882,0.2247705573163759,0.08951183194676278,0.6707302995445202
5035,0.004410126938751585,0.044509426906318664,0.4935652184668045,0.4575152276881254
8878,0.045760505196843625,0.49861575018276816,0.09311858496780501,0.3625051596525832
1953,0.003519788744652897,0.03556655626523366,0.27554109418469824,0.6853725608054153
5028,0.03889478191734534,0.14697501734726964,0.1706257218334527,0.6435044789019324
3466,0.03236039671363987,0.31460204354197596,0.24157437420988784,0.4114631855344961
9084,0.03929229733052843,0.37405266309896373,0.07494668008333276,0.5117083594871753
7337,0.0033380947054914515,0.024414494755759016,0.3945915072759437,0.5776559032628059
3035,0.07460554953647601,0.06572380748491341,0.4098376762698604,0.44983296670875017
5968,0.006885949007033555,0.09440805051408306,0.05347010066386687,0.8452358998150168
775,0.0036955101265346503,0.04028452208384066,0.037361478829042706,0.9186584889605821
3659,0.003789796223218296,0.13875100684296046,0.143916681679395,0.7135425152544261
5893,0.03327392512444712,0.16577960154552215,0.15877180036502972,0.6421746729650012
5454,0.0030518330435697085,0.06425038799254171,0.1510647359562928,0.7816330430075958
1096,0.026905569903830993,0.8132202942031272,0.04810925118745694,0.11176488470558471
8692,0.01898543615003237,0.14957364301707757,0.29345176582048565,0.5379891550124043
660,0.04178891651293818,0.20546936965731663,0.10172724823881098,0.6510144655909341
3078,0.00553122398208738,0.07552446127729746,0.0936016991232963,0.8253426156173189
2337,0.002970097098142635,0.04383160748098377,0.2430510808304627,0.710147214590411
4634,0.020734572671756896,0.12726714678534187,0.1671675404224164,0.6848307401204848
3835,0.014716481396620547,0.2326217390591603,0.08753167195909062,0.6651301075851286
1121,0.02367456171772591,0.475009966633756,0.1335386879652621,0.3677767836832561
1559,0.0035014188737621976,0.03952965948888013,0.2458138576996965,0.7111550639376613
4072,0.0029835578320977297,0.028998952305946964,0.318018824378062,0.6499986654838932
3291,0.0068684898767339886,0.041492601455166554,0.46657161489894156,0.48506729376915814
3194,0.013259750967473505,0.19687539774985147,0.1071927920902585,0.6826720591924165
5745,0.020053140605663888,0.3201183884331552,0.13947583780134443,0.5203526331598364
6186,0.007899467208020254,0.052217983090026614,0.4202045014843115,0.5196780482176419
9010,0.05843372779366149,0.21251565187548163,0.3976912608293361,0.3313593595015208
9455,0.0713044926292877,0.08154074041244173,0.4117877645741773,0.4353670023840932
8334,0.041358268952556496,0.22874577104293078,0.07015071628366032,0.6597452437208523
4766,0.003931792245353,0.03568240823414751,0.25472627682728327,0.705659522693216
6988,0.0447566491511221,0.37751220143180925,0.08657902112456285,0.4911521282925056
2120,0.06186589973205415,0.3807147621898768,0.07602297856845125,0.4813963595096176
5268,0.015282516695687786,0.09742709629375614,0.3318044931265077,0.5554858938840482
5343,0.005998447633767678,0.017268611160905667,0.478987015042869,0.4977459261624577
5256,0.04615749015998973,0.7041604018277021,0.1258648286177504,0.12381727939455793
7247,0.0023183931503698075,0.03165581330238928,0.03500211129828622,0.9310236822489548
4380,0.015212241169502242,0.051461639808210335,0.06620006103617151,0.867126057986116
8474,0.011976217941645115,0.15419791026351481,0.15489969102107212,0.6789261807737678
2754,0.02519597702095252,0.18639239029357504,0.039314435255820096,0.7490971974296522
1710,0.026765716870429154,0.18835892536574633,0.09004253600075449,0.6948328217630702
6164,0.0392536431451615,0.7868899887292662,0.04891499305674589,0.1249413750688265
863,0.13650667771662917,0.19834933758977608,0.4368918601437326,0.22825212454986213
7359,0.002823215662613163,0.03771595576130399,0.18590844049751645,0.7735523880785663
1227,0.0062246518526839914,0.016698712496282464,0.08811642929039312,0.8889602063606404
724,0.005022029623651392,0.013938475378710362,0.4984018132934917,0.48263768170414645
635,0.006182763039206124,0.01282676928749441,0.46314791286360213,0.5178425548096972
1923,0.06588418541076066,0.3795324958709628,0.0848259123580943,0.46975740636018226
7325,0.07013159606417407,0.3339884574467138,0.14300900435760205,0.45287094213150997
6746,0.08337802367668759,0.38239345526995827,0.11274694251122806,0.42148157854212615
3256,0.002242635936295047,0.03081376048874216,0.03084623091820488,0.9360973726567579
979,0.02234356972785826,0.8593365170439096,0.03656824618081757,0.08175166704741482
975,0.07580824328341913,0.23298292663307524,0.12999664208992057,0.5612121879935852
7152,0.010487527549063085,0.07014637835017817,0.742981955576593,0.17638413852416604
4709,0.0692264264491757,0.6974953836909817,0.09245216741932177,0.14082602244052067
1173,0.0035097615322392662,0.021625030213072903,0.3725204035332918,0.6023448047213961
3249,0.020334461037379292,0.13700195952418964,0.21085070885878598,0.6318128705796452
6529,0.004315131971004437,0.05513117969738099,0.1060979910850665,0.8344556972465482
2368,0.012426137944109222,0.05329052290539269,0.6578582269625539,0.2764251121879442
5073,0.03149241777074841,0.45242273219461454,0.0918909169205925,0.4241939331140445
3567,0.015929394590665908,0.11120931342748587,0.21639918883697298,0.6564621031448752
7622,0.016751791151547714,0.12203676480021003,0.11296092428622483,0.7482505197620175
5340,0.004418415273291815,0.04735324772173897,0.07726418481226976,0.8709641521926994
6223,0.0400065517754357,0.3270157564966099,0.08613123282518308,0.5468464589027713
8204,0.009848632687822809,0.10088634947113481,0.10167960816885241,0.7875854096721898
9153,0.056190507352494215,0.32396114022640016,0.10370862529762716,0.5161397271234786
7076,0.02246987607623095,0.2699525148002824,0.1337317918317464,0.5738458172917403
2676,0.046225078172505735,0.3167679634196171,0.1490001573823585,0.4880068010255187
8202,0.05430615278861837,0.3428482837589085,0.08449327879336248,0.5183522846591108
6224,0.050036582277356426,0.13774061223650325,0.18426003897608198,0.6279627665100583
3603,0.011616546338712579,0.247749767826554,0.05261427637216443,0.688019409462569
2674,0.004400712959206463,0.03735783327081628,0.42349327129246994,0.5347481824775072
1641,0.00267777211944048,0.02292957239334201,0.30844949988828685,0.6659431555989308
7256,0.09185571533962479,0.326993234485059,0.12844405653684038,0.45270699363847583
1545,0.04850907568591488,0.34397290892007765,0.07814577593067563,0.5293722394633316
3828,0.02643350152686171,0.116737029405234,0.16376556617335272,0.6930639028945514
4865,0.03216040944183926,0.41867781196057235,0.07901936698990404,0.4701424116076843
5326,0.017165714388193237,0.16082492331808487,0.09198392764938648,0.7300254346443353
936,0.017782366588906955,0.10567106181231953,0.36420951796191686,0.5123370536368566
204,0.008862837236818542,0.03774326935693668,0.7251480623074559,0.2282458310987889
7470,0.04927291895382291,0.3609039604463656,0.07819855147346223,0.5116245691263492
315,0.07415856381074099,0.27644436322627264,0.0789045985177329,0.5704924744452532
196,0.21743897475906662,0.20607591366193062,0.2601158700739877,0.3163692415050152
1005,0.23095217720321873,0.21478199646519075,0.24939919960246837,0.30486662672912246
2186,0.12883048856204365,0.2866368132186784,0.14351238630822583,0.4410203119110521
2850,0.015543481103196784,0.07354348677217437,0.7012641286960111,0.20964890342861783
7105,0.02413531250895855,0.3878362192963674,0.08065983512288588,0.5073686330717884
529,0.0034605534411559307,0.037632910294691985,0.29544996527434475,0.6634565709898073
3408,0.022646217947282568,0.09532425183702349,0.205088710564091,0.676940819651603
2567,0.022643508589013518,0.35937791653627366,0.10399315564234682,0.5139854192323661
603,0.003385761495431884,0.02928656056261568,0.5817338717590028,0.3855938061829494
2885,0.0650254052327657,0.28493344571763146,0.3044436620860226,0.34559748696358006
2461,0.004598665238551097,0.025366810665475595,0.700932227074282,0.2691022970216914
3971,0.1455792403822627,0.2919402279913379,0.13713389888103544,0.4253466327453642
2281,0.0405073760284372,0.29345480580169503,0.3796134070147047,0.2864244111551631
9342,0.07354726717972417,0.26299839065553776,0.1419339431928862,0.5215203989718517
5207,0.020497022158764658,0.31265346826192664,0.09310691619116045,0.5737425933881484
3051,0.003650912673610231,0.03963598812407743,0.5378306709582971,0.4188824282440152
8175,0.09340187952948328,0.31817164622341376,0.1058689345696195,0.48255753967748316
6302,0.03914424648221402,0.30198956911298486,0.08416069554979735,0.5747054888550037
5603,0.08742213246497539,0.4073105274387487,0.08517917058035947,0.42008816951591654
8713,0.027148374207674218,0.16237403854850269,0.16321605502465902,0.647261532219164
1367,0.043910168079765936,0.4833449434091768,0.09406917889357683,0.3786757096174808
2548,0.012189247437823453,0.0890662542608694,0.2902554645103131,0.608489033790994
2460,0.0028165027616522237,0.0329475515376739,0.5316648482811451,0.4325710974195288
6697,0.06021406769076001,0.25298662550027406,0.0849714964868993,0.6018278103220667
5944,0.04942515744306565,0.4105246202493703,0.09727472750314325,0.44277549480442063
6576,0.045398680347016614,0.29758338531120704,0.14633637808924843,0.510681556252528
913,0.002751222084493535,0.02865258037063666,0.48738698969882016,0.48120920784604976
8905,0.004102912607616923,0.011998487804695807,0.6207887205673018,0.3631098790203856
658,0.01358492754883438,0.1875370507404032,0.08053424014418872,0.7183437815665737
3499,0.02396904397642519,0.14721518774695558,0.28969007719835427,0.5391256910782648
703,0.01236667412370237,0.05304636122153233,0.48319611465698614,0.45139084999777906
7734,0.04426387795075891,0.25953474867405113,0.1310627950537524,0.5651385783214375
2119,0.004351484967046306,0.04165893523233436,0.3664572990744668,0.5875322807261525
6180,0.045955596453906525,0.4133625903626577,0.18306817608405626,0.35761363709937966
7573,0.017922591019018302,0.07672525911101262,0.39636549231327245,0.5089866575566968
5262,0.12986219710526942,0.4472356721056918,0.12130374066979273,0.30159839011924594
7579,0.10211083345065655,0.6940611166313206,0.08449349645617737,0.11933455346184552
4181,0.1090031467007335,0.4738199473541828,0.15406436889409683,0.26311253705098675
520,0.026051113351378236,0.3233679130582459,0.2854084205042188,0.365172553086157
9441,0.12628447470505422,0.3738356353038278,0.20849054690317495,0.291389343087943
2804,0.040413243861044515,0.19648511666955212,0.2154277564287242,0.5476738830406792
7454,0.08434463309156594,0.410883791099325,0.07944555504649813,0.4253260207626109
2760,0.13249084237504974,0.29402601822355884,0.17429957473452487,0.3991835646668666
7180,0.0456350469942208,0.19535081886929892,0.1176749935864384,0.6413391405500419
5004,0.006597089500405558,0.04019293481661739,0.6023187752831457,0.3508912003998311
2590,0.018458366562435543,0.2564185896721239,0.4549870469804003,0.2701359967850401
935,0.0034559070111339655,0.02692742770573708,0.36152779542960506,0.6080888698535237
4941,0.09649848295467728,0.44915044691403255,0.13226553124709317,0.32208553888419705
2879,0.062024856959237214,0.23571805931741663,0.3890860706407274,0.31317101308261863
123,0.1164092383448606,0.3447040958874276,0.0848653297505252,0.45402133601718647
6393,0.025085065443031965,0.11117526866986349,0.18776976639650872,0.6759698994905958
1297,0.006718669410552809,0.011944830454730361,0.5545858404152204,0.4267506597194966
250,0.08745817451032695,0.3175270022396589,0.11645770248949011,0.478557120760524
1134,0.07321684407927528,0.44639044252129445,0.1610936054449579,0.3192991079544725
8565,0.04636007908286321,0.08414514523303727,0.35590561017593775,0.513589165508162
7783,0.05527838385291213,0.6383738053626925,0.14100710283100737,0.16534070795338784
387,0.1300170168389517,0.29715823349274334,0.1398756666373449,0.4329490830309598
5801,0.13782744295904073,0.22803180458178315,0.2663386471250954,0.36780210533408064
705,0.14990887499075528,0.2796959867855818,0.41829973560409084,0.152095402619572
1621,0.04396009889287033,0.15655515224465769,0.30637521343070473,0.4931095354317672
6762,0.02636903115915686,0.14577098878598083,0.17654046227440973,0.6513195177804526
487,0.05516505806551384,0.3708591834650033,0.2010873402697576,0.3728884181997251
353,0.13737754049886466,0.3993791838313389,0.16846629868219837,0.29477697698759814
749,0.004086916351495351,0.007982774030203449,0.07652659771061615,0.9114037119076851
8127,0.009018101266194596,0.021026777155022335,0.23884593820166827,0.7311091833771148
330,0.012750573274624697,0.03414097876308678,0.08615559701644365,0.8669528509458451
4193,0.044376913040018943,0.312324182633018,0.09299155732738075,0.5503073469995824
4545,0.030740948904865447,0.10310729779009423,0.17572871902143855,0.6904230342836019
7782,0.008284609434196743,0.013270442348128996,0.14168366084417217,0.836761287373502
1593,0.007304631109550806,0.018377807022780898,0.11844868709585875,0.8558688747718096
3378,0.004479642133538655,0.00837966882584704,0.0483946907675198,0.9387459982730947
5182,0.01813118894996986,0.04459513906802741,0.5041609532610511,0.43311271872095136
7525,0.007793828368764064,0.009553298634911679,0.17875034879461973,0.8039025242017047
2173,0.12640474673239435,0.4679403082237067,0.22023311871102738,0.1854218263328716
6156,0.004548794778292291,0.01011640195324141,0.08380598522289635,0.9015288180455698
6568,0.11346733481699706,0.3747615398187684,0.054535930618447845,0.4572351947457867
7942,0.007048487443341564,0.020019277637071835,0.18921002749299778,0.7837222074265887
6653,0.09637343884498813,0.5742409596484296,0.13504363389797933,0.19434196760860287
3117,0.03816266397675124,0.0638141369958677,0.13469113646677183,0.763332062560609
4755,0.056292734757310496,0.05510841273234353,0.2652484139879892,0.6233504385223568
7571,0.07043672536110307,0.2639813673320184,0.20379537556157395,0.46178653174530465
1620,0.05341434937843454,0.1288528374449318,0.11392866538699271,0.703804147789641
